(0/
1;DI3/
2;2/
23;   1   6   4   0   0  30/
33;¡ 1 ¦¡ 100 T 1 /35;1:1;/
)
(1/
2 1 1 5/2 1 5 6/r 1 7/0 0 1 1/2 1 13 3/2 1 2 14/2 1 14 15/r 1 7/0 0 1 
1/2 1 22 4/2 2 3 23/2 2 23 24/r 1 7/0 0 1 1/2 2 31 4/
2 3 3 34/2 3 34 35/r 1 7/0 0 1 1/2 3 42 32/2 3 4 43/
2 3 43 44/r 1 7/0 0 1 1/2 3 51 33/2 4 32 52/2 4 52 53/r 1 7/0 0 1 1/
2 4 60 33/2 5 32 63/2 5 63 64/r 1 7/0 0 1 1/2 5 71 61/
2 5 33 72/2 5 72 73/r 1 7/0 0 1 1/2 5 80 62/2 6 61 81/
2 6 81 82/r 1 7/0 0 1 1/2 6 89 62/)
(3/
1 1e+07 2100 0 0 0 0 KE 5/
2 100000 4200 0 KE 2/
3 1e+07 2100 0 0 0 0 KE 5/
4 100000 4200 0 KE 2/
5 1e+07 2100 0 0 0 0 KE 5/
6 100000 4200 0 KE 2/)
(4/
0/5/0 0 6/5 0 6/0 0 0.6/r 1 8/0 0 0.6/5 0 0.6/r 1 8/0 0 0.6/
0.5 0 6/r 1 8/0.5/0 0 12/5 0 12/0 0 6.6/r 1 8/0 0 0.6/
5 0 6.6/r 1 8/0 0 0.6/0.5 0 12/r 1 8/0.5/0 0 18/5 0 18/
0 0 12.6/r 1 8/0 0 0.6/5 0 12.6/r 1 8/0 0 0.6/0.5 0 18/r 1 8/0.5/)
(5/
1 1 3 5/2 1 3 5/)
(6/
3 0 1 1 1/3 0 3 1 1/3 0 3 6 1/3 0 1 8 1/4 0 1 1 1/4 0 3 1 1/4 0 3 6 1/
4 0 1 7 1/32 0 1 1 1/32 0 3 1 1/33 0 1 1 1/33 0 3 1 1/23 0 1 2 1/
23 0 3 2 1/23 0 3 5 1/24 0 1 2 1/24 0 3 2 1/24 0 3 5 1/25 0 1 2 1/
25 0 3 2 1/25 0 3 5 1/26 0 1 2 1/26 0 3 2 1/26 0 3 5 1/27 0 1 2 1/
27 0 3 2 1/27 0 3 5 1/28 0 1 2 1/28 0 3 2 1/28 0 3 5 1/29 0 1 2 1/
29 0 3 2 1/29 0 3 5 1/30 0 1 2 1/30 0 3 2 1/30 0 3 5 1/31 0 1 2 1/
31 0 3 2 1/31 0 3 5 1/52 0 1 2 1/52 0 3 2 1/53 0 1 2 1/53 0 3 2 1/
54 0 1 2 1/54 0 3 2 1/55 0 1 2 1/55 0 3 2 1/56 0 1 2 1/56 0 3 2 1/
57 0 1 2 1/57 0 3 2 1/58 0 1 2 1/58 0 3 2 1/59 0 1 2 1/59 0 3 2 1/
60 0 1 2 1/60 0 3 2 1/81 0 1 2 1/81 0 3 2 1/82 0 1 2 1/82 0 3 2 1/
83 0 1 2 1/83 0 3 2 1/84 0 1 2 1/84 0 3 2 1/85 0 1 2 1/85 0 3 2 1/
86 0 1 2 1/86 0 3 2 1/87 0 1 2 1/87 0 3 2 1/88 0 1 2 1/88 0 3 2 1/
89 0 1 2 1/89 0 3 2 1/5 0 1 3 1/5 0 3 3 1/5 0 1 9 1/6 0 1 3 1/
6 0 3 3 1/6 0 1 9 1/7 0 1 3 1/7 0 3 3 1/7 0 1 9 1/8 0 1 3 1/8 0 3 3 1/
8 0 1 9 1/9 0 1 3 1/9 0 3 3 1/9 0 1 9 1/10 0 1 3 1/10 0 3 3 1/
10 0 1 9 1/11 0 1 3 1/11 0 3 3 1/11 0 1 9 1/12 0 1 3 1/12 0 3 3 1/
12 0 1 9 1/13 0 1 3 1/13 0 3 3 1/13 0 1 9 1/14 0 1 3 1/14 0 3 3 1/
14 0 1 10 1/15 0 1 3 1/15 0 3 3 1/15 0 1 10 1/16 0 1 3 1/16 0 3 3 1/
16 0 1 10 1/17 0 1 3 1/17 0 3 3 1/17 0 1 10 1/18 0 1 3 1/18 0 3 3 1/
18 0 1 10 1/19 0 1 3 1/19 0 3 3 1/19 0 1 10 1/20 0 1 3 1/20 0 3 3 1/
20 0 1 10 1/21 0 1 3 1/21 0 3 3 1/21 0 1 10 1/22 0 1 3 1/22 0 3 3 1/
22 0 1 10 1/34 0 1 3 1/34 0 3 3 1/35 0 1 3 1/35 0 3 3 1/36 0 1 3 1/
36 0 3 3 1/37 0 1 3 1/37 0 3 3 1/38 0 1 3 1/38 0 3 3 1/39 0 1 3 1/
39 0 3 3 1/40 0 1 3 1/40 0 3 3 1/41 0 1 3 1/41 0 3 3 1/42 0 1 3 1/
42 0 3 3 1/43 0 1 3 1/43 0 3 3 1/44 0 1 3 1/44 0 3 3 1/45 0 1 3 1/
45 0 3 3 1/46 0 1 3 1/46 0 3 3 1/47 0 1 3 1/47 0 3 3 1/48 0 1 3 1/
48 0 3 3 1/49 0 1 3 1/49 0 3 3 1/50 0 1 3 1/50 0 3 3 1/51 0 1 3 1/
51 0 3 3 1/63 0 1 3 1/63 0 3 3 1/64 0 1 3 1/64 0 3 3 1/65 0 1 3 1/
65 0 3 3 1/66 0 1 3 1/66 0 3 3 1/67 0 1 3 1/67 0 3 3 1/68 0 1 3 1/
68 0 3 3 1/69 0 1 3 1/69 0 3 3 1/70 0 1 3 1/70 0 3 3 1/71 0 1 3 1/
71 0 3 3 1/72 0 1 3 1/72 0 3 3 1/73 0 1 3 1/73 0 3 3 1/74 0 1 3 1/
74 0 3 3 1/75 0 1 3 1/75 0 3 3 1/76 0 1 3 1/76 0 3 3 1/77 0 1 3 1/
77 0 3 3 1/78 0 1 3 1/78 0 3 3 1/79 0 1 3 1/79 0 3 3 1/80 0 1 3 1/
80 0 3 3 1/61 0 1 4 1/61 0 3 4 1/62 0 1 4 1/62 0 3 4 1/)
(7/
1 0.245152/2 0.250155/3 0.120074/4 0.185115/5 0 -1.4715 4 0.0044/0  0 0/
6 0 -0.73575 4 0.0044/0  0 0/7 0 -0.8829 4 0.0044/0  0 0/8 0 0.88299 4
 0.0044/0  0 0/9 0 1.7658 4 0.0044/0  0 0/10 0 -1.7658 4 0.0044/0  0 0/)
/)
(15/22 6 0 1 0 
1e-06 /
/)
