(0/
1;nel/
2;5/
23;   1   6   4   0   0  30/
33;см 100 см 100  г 1000 /)
(1/
341 1 1 2 142 143/r 1 25/0 0 141 141 141 141/341 1 2 3 143 144/r 1 25/0 
0 141 141 141 141/341 1 3 4 144 145/r 1 25/0 0 141 141 141 141/
341 1 4 5 145 146/r 1 25/0 0 141 141 141 141/341 1 5 6 146 147/r 1 25/0 
0 141 141 141 141/341 1 6 7 147 148/r 1 25/0 0 141 141 141 141/
341 1 7 8 148 149/r 1 25/0 0 141 141 141 141/341 1 8 9 149 150/r 1 25/0 
0 141 141 141 141/341 1 9 10 150 151/r 1 25/0 0 141 141 141 141/
341 1 10 11 151 152/r 1 25/0 0 141 141 141 141/341 1 11 12 152 153/r 1 
25/0 0 141 141 141 141/341 1 12 13 153 154/r 1 25/0 0 141 141 141 141/
341 1 13 14 154 155/r 1 25/0 0 141 141 141 141/341 1 14 15 155 156/r 1 
25/0 0 141 141 141 141/341 1 15 16 156 157/r 1 25/0 0 141 141 141 141/
341 1 16 17 157 158/r 1 25/0 0 141 141 141 141/341 1 17 18 158 159/r 1 
25/0 0 141 141 141 141/341 1 18 19 159 160/r 1 25/0 0 141 141 141 141/
341 1 19 20 160 161/r 1 25/0 0 141 141 141 141/341 1 20 21 161 162/r 1 
25/0 0 141 141 141 141/341 1 21 22 162 163/r 1 25/0 0 141 141 141 141/
341 1 22 23 163 164/r 1 25/0 0 141 141 141 141/341 1 23 24 164 165/r 1 
25/0 0 141 141 141 141/341 1 24 25 165 166/r 1 25/0 0 141 141 141 141/
341 1 25 26 166 167/r 1 25/0 0 141 141 141 141/341 1 26 27 167 168/r 1 
25/0 0 141 141 141 141/341 1 27 28 168 169/r 1 25/0 0 141 141 141 141/
341 1 28 29 169 170/r 1 25/0 0 141 141 141 141/341 1 29 30 170 171/r 1 
25/0 0 141 141 141 141/341 1 30 31 171 172/r 1 25/0 0 141 141 141 141/
341 1 31 32 172 173/r 1 25/0 0 141 141 141 141/341 1 32 33 173 174/r 1 
25/0 0 141 141 141 141/341 1 33 34 174 175/r 1 25/0 0 141 141 141 141/
341 1 34 35 175 176/r 1 25/0 0 141 141 141 141/341 1 35 36 176 177/r 1 
25/0 0 141 141 141 141/341 1 36 37 177 178/r 1 25/0 0 141 141 141 141/
341 1 37 38 178 179/r 1 25/0 0 141 141 141 141/341 1 38 39 179 180/r 1 
25/0 0 141 141 141 141/341 1 39 40 180 181/r 1 25/0 0 141 141 141 141/
341 1 40 41 181 182/r 1 25/0 0 141 141 141 141/341 1 41 42 182 183/r 1 
25/0 0 141 141 141 141/341 1 42 43 183 184/r 1 25/0 0 141 141 141 141/
341 1 43 44 184 185/r 1 25/0 0 141 141 141 141/341 1 44 45 185 186/r 1 
25/0 0 141 141 141 141/341 1 45 46 186 187/r 1 25/0 0 141 141 141 141/
341 1 46 47 187 188/r 1 25/0 0 141 141 141 141/341 1 47 48 188 189/r 1 
25/0 0 141 141 141 141/341 1 48 49 189 190/r 1 25/0 0 141 141 141 141/
341 1 49 50 190 191/r 1 25/0 0 141 141 141 141/341 1 50 51 191 192/r 1 
25/0 0 141 141 141 141/341 1 51 52 192 193/r 1 25/0 0 141 141 141 141/
341 1 52 53 193 194/r 1 25/0 0 141 141 141 141/341 1 53 54 194 195/r 1 
25/0 0 141 141 141 141/341 1 54 55 195 196/r 1 25/0 0 141 141 141 141/
341 1 55 56 196 197/r 1 25/0 0 141 141 141 141/341 1 56 57 197 198/r 1 
25/0 0 141 141 141 141/341 1 57 58 198 199/r 1 25/0 0 141 141 141 141/
341 1 58 59 199 200/r 1 25/0 0 141 141 141 141/341 1 59 60 200 201/r 1 
25/0 0 141 141 141 141/341 1 60 61 201 202/r 1 25/0 0 141 141 141 141/
341 1 61 62 202 203/r 1 25/0 0 141 141 141 141/341 1 62 63 203 204/r 1 
25/0 0 141 141 141 141/341 1 63 64 204 205/r 1 25/0 0 141 141 141 141/
341 1 64 65 205 206/r 1 25/0 0 141 141 141 141/341 1 65 66 206 207/r 1 
25/0 0 141 141 141 141/341 1 66 67 207 208/r 1 25/0 0 141 141 141 141/
341 1 67 68 208 209/r 1 25/0 0 141 141 141 141/341 1 68 69 209 210/r 1 
25/0 0 141 141 141 141/341 1 69 70 210 211/r 1 25/0 0 141 141 141 141/
341 1 70 71 211 212/r 1 25/0 0 141 141 141 141/341 1 71 72 212 213/r 1 
25/0 0 141 141 141 141/341 1 72 73 213 214/r 1 25/0 0 141 141 141 141/
341 1 73 74 214 215/r 1 25/0 0 141 141 141 141/341 1 74 75 215 216/r 1 
25/0 0 141 141 141 141/341 1 75 76 216 217/r 1 25/0 0 141 141 141 141/
341 1 76 77 217 218/r 1 25/0 0 141 141 141 141/341 1 77 78 218 219/r 1 
25/0 0 141 141 141 141/341 1 78 79 219 220/r 1 25/0 0 141 141 141 141/
341 1 79 80 220 221/r 1 25/0 0 141 141 141 141/341 1 80 81 221 222/r 1 
25/0 0 141 141 141 141/341 1 81 82 222 223/r 1 25/0 0 141 141 141 141/
341 1 82 83 223 224/r 1 25/0 0 141 141 141 141/341 1 83 84 224 225/r 1 
25/0 0 141 141 141 141/341 1 84 85 225 226/r 1 25/0 0 141 141 141 141/
341 1 85 86 226 227/r 1 25/0 0 141 141 141 141/341 1 86 87 227 228/r 1 
25/0 0 141 141 141 141/341 1 87 88 228 229/r 1 25/0 0 141 141 141 141/
341 1 88 89 229 230/r 1 25/0 0 141 141 141 141/341 1 89 90 230 231/r 1 
25/0 0 141 141 141 141/341 1 90 91 231 232/r 1 25/0 0 141 141 141 141/
341 1 91 92 232 233/r 1 25/0 0 141 141 141 141/341 1 92 93 233 234/r 1 
25/0 0 141 141 141 141/341 1 93 94 234 235/r 1 25/0 0 141 141 141 141/
341 1 94 95 235 236/r 1 25/0 0 141 141 141 141/341 1 95 96 236 237/r 1 
25/0 0 141 141 141 141/341 1 96 97 237 238/r 1 25/0 0 141 141 141 141/
341 1 97 98 238 239/r 1 25/0 0 141 141 141 141/341 1 98 99 239 240/r 1 
25/0 0 141 141 141 141/341 1 99 100 240 241/r 1 25/0 0 141 141 141 141/
341 1 100 101 241 242/r 1 25/0 0 141 141 141 141/341 1 101 102 242 243/
r 1 25/0 0 141 141 141 141/341 1 102 103 243 244/r 1 25/0 0 141 141 141 
141/341 1 103 104 244 245/r 1 25/0 0 141 141 141 141/
341 1 104 105 245 246/r 1 25/0 0 141 141 141 141/341 1 105 106 246 247/
r 1 25/0 0 141 141 141 141/341 1 106 107 247 248/r 1 25/0 0 141 141 141 
141/341 1 107 108 248 249/r 1 25/0 0 141 141 141 141/
341 1 108 109 249 250/r 1 25/0 0 141 141 141 141/341 1 109 110 250 251/
r 1 25/0 0 141 141 141 141/341 1 110 111 251 252/r 1 25/0 0 141 141 141 
141/341 1 111 112 252 253/r 1 25/0 0 141 141 141 141/
341 1 112 113 253 254/r 1 25/0 0 141 141 141 141/341 1 113 114 254 255/
r 1 25/0 0 141 141 141 141/341 1 114 115 255 256/r 1 25/0 0 141 141 141 
141/341 1 115 116 256 257/r 1 25/0 0 141 141 141 141/
341 1 116 117 257 258/r 1 25/0 0 141 141 141 141/341 1 117 118 258 259/
r 1 25/0 0 141 141 141 141/341 1 118 119 259 260/r 1 25/0 0 141 141 141 
141/341 1 119 120 260 261/r 1 25/0 0 141 141 141 141/
341 1 120 121 261 262/r 1 25/0 0 141 141 141 141/341 1 121 122 262 263/
r 1 25/0 0 141 141 141 141/341 1 122 123 263 264/r 1 25/0 0 141 141 141 
141/341 1 123 124 264 265/r 1 25/0 0 141 141 141 141/
341 1 124 125 265 266/r 1 25/0 0 141 141 141 141/341 1 125 126 266 267/
r 1 25/0 0 141 141 141 141/341 1 126 127 267 268/r 1 25/0 0 141 141 141 
141/341 1 127 128 268 269/r 1 25/0 0 141 141 141 141/
341 1 128 129 269 270/r 1 25/0 0 141 141 141 141/341 1 129 130 270 271/
r 1 25/0 0 141 141 141 141/341 1 130 131 271 272/r 1 25/0 0 141 141 141 
141/341 1 131 132 272 273/r 1 25/0 0 141 141 141 141/
341 1 132 133 273 274/r 1 25/0 0 141 141 141 141/341 1 133 134 274 275/
r 1 25/0 0 141 141 141 141/341 1 134 135 275 276/r 1 25/0 0 141 141 141 
141/341 1 135 136 276 277/r 1 25/0 0 141 141 141 141/
341 1 136 137 277 278/r 1 25/0 0 141 141 141 141/341 1 137 138 278 279/
r 1 25/0 0 141 141 141 141/341 1 138 139 279 280/r 1 25/0 0 141 141 141 
141/341 1 139 140 280 281/r 1 25/0 0 141 141 141 141/
341 1 140 141 281 282/r 1 24/0 0 141 141 141 141/341 1 3665 3666 3806 
3807/)
(3/
1 GE 2.1e+06 0.3 1.3 RO 2.5 C1 0 C2/0 0/)
(4/
0/r 1 140/5/0 5/r 1 140/5/0 10/r 1 140/5/0 15/r 1 140/5/
0 20/r 1 140/5/0 25/r 1 140/5/0 30/r 1 140/5/0 35/r 1 140/5/
0 40/r 1 140/5/0 45/r 1 140/5/0 50/r 1 140/5/0 55/r 1 140/5/
0 60/r 1 140/5/0 65/r 1 140/5/0 70/r 1 140/5/0 75/r 1 140/5/
0 80/r 1 140/5/0 85/r 1 140/5/0 90/r 1 140/5/0 95/r 1 140/5/
0 100/r 1 140/5/0 105/r 1 140/5/0 110/r 1 140/5/0 115/r 1 140/5/
0 120/r 1 140/5/0 125/r 1 140/5/0 130/r 1 140/5/)
(5/
2 1 2 3/r 1 138/1/3668 1 2 3/r 1 138/1/1 1 2 3/r 1 26/141/
141 1 2 3/r 1 26/141/)
(6/
1 16 3 1 1/r 1 3639/1/)
(7/
1 1.4/)
/)
(16/3 30 1 1 10 0.1 1/
)
