( 0/ 1; SSLL0889/ 2; 2/ 33; м 1 см 100 Н 9810 /)
( 1/
10 1 1 3 /10 1 2 4 /10 1 3 5 /10 1 4 6 /10 1 5 7 /10 1 6 8 /10 1 7 9 /10 1 8 10 /
10 1 9 11 /10 1 10 12 /10 1 11 13 /10 1 12 14 /10 1 13 15 /10 1 14 16 /10 1 15 17 /
10 1 16 18 /10 1 17 19 /10 1 18 20 /10 1 19 21 /10 1 20 22 /10 1 21 23 /10 1 22 24 /
10 1 23 25 /10 1 24 26 /10 1 25 27 /10 1 26 28 /10 1 27 29 /10 1 28 30 /10 1 29 31 /
10 1 30 32 /10 1 31 33 /10 1 32 34 /10 1 33 35 /10 1 34 36 /10 1 35 37 /10 1 36 38 /
10 1 37 39 /10 1 38 40 /10 1 39 41 /10 1 40 42 /10 1 41 43 /10 1 42 44 /10 1 43 45 /
10 1 44 46 /10 1 45 47 /10 1 46 48 /10 1 47 48 /10 1 47 49 /10 1 48 49 / )
( 3/
1 S6 2.000E+11      2    1.6  nu=.3  gf/ )
( 4/
1.000   0.000  -0.500 / -1.000  -0.000  -0.500 /  0.998   0.000  -0.435 / -0.998  -0.000  -0.435 /
0.991   0.000  -0.369 / -0.991  -0.000  -0.369 /  0.981   0.000  -0.305 / -0.981  -0.000  -0.305 /
0.966   0.000  -0.241 / -0.966  -0.000  -0.241 /  0.947   0.000  -0.179 / -0.947  -0.000  -0.179 /
0.924   0.000  -0.117 / -0.924  -0.000  -0.117 /  0.897   0.000  -0.058 / -0.897  -0.000  -0.058 /
0.866   0.000   0.000 / -0.866  -0.000   0.000 /  0.831   0.000   0.056 / -0.831  -0.000   0.056 /
0.793   0.000   0.109 / -0.793  -0.000   0.109 /  0.752   0.000   0.159 / -0.752  -0.000   0.159 /
0.707   0.000   0.207 / -0.707  -0.000   0.207 /  0.659   0.000   0.252 / -0.659  -0.000   0.252 /
0.609   0.000   0.293 / -0.609  -0.000   0.293 /  0.556   0.000   0.331 / -0.556  -0.000   0.331 /
0.500   0.000   0.366 / -0.500  -0.000   0.366 /  0.442   0.000   0.397 / -0.442  -0.000   0.397 /
0.383   0.000   0.424 / -0.383  -0.000   0.424 /  0.321   0.000   0.447 / -0.321  -0.000   0.447 /
0.259   0.000   0.466 / -0.259  -0.000   0.466 /  0.195   0.000   0.481 / -0.195  -0.000   0.481 /
0.131   0.000   0.491 / -0.131  -0.000   0.491 /  0.065   0.000   0.498 / -0.065  -0.000   0.498 /
0.000   0.000   0.500 / )
( 5/2 1 3 /1 3 / )
( 6/49 0 3 1 1/)
( 7/1 100 0 0 0/)
