( 0/
1;  smX.lir/                                        
2;5;/
33; M 1 CM 100 T 1 C 1 / 
35; 1:18 ; / )                                                            
( 1/
5 1 1 3/ R 1 3/ 0 0 2 2/ R 4 1/ 0 0 1 1/ 5 2 3 4/ R 1 2/ 0 0 2 2/ 
5 3 9 10/)
( 2/
9 1 5/ 9 2 5/ R 2 3/ 1/)
( 3/
1 S0 2800000 40 40/ 2 83840 1266 78 0.79 16978 146978/ 
0 Y 0.0133 0.0133 Z 0.0102 0.0102/ 3 65820 5992 40 0.69 13329 13329/ 
0 Y 0.011 0.011 Z 0.079 0.079/)
( 4/
0 0 0/ 6 0 0/ R 2 1/ 0 0 3.25/ R 2 1/ 0 0 2/ R 2 1/ 0 0 1.5/ R 2 1/ 
0 0 1.95/)
( 5/
1 1 2 3 4 5 6/ 2 1 2 3 4 5 6/)
( 6/
12 5 3 5 1/ 12 5 3 6 1/ 9 5 3 13 1/ 9 5 3 14 1/ R 2 2/ 1/ 
12 5 3 7 2/ 12 5 3 8 2/ 9 5 3 9 3/ 9 5 3 10 3/ 9 5 3 11 4/ 
9 5 3 12 4/ R 4 2/ 1 0 0 0 2/ 9 0 1 17 9/ 7 0 1 18 9/ 5 0 1 18 9/ 
3 0 1 19 9/ 9 0 3 20 9/ 10 0 3 21 9/ 12 5 3 15 10/ 12 5 3 16 10/ 
9 0 2 22 11/ 10 0 2 22 11/ 3 0 2 23 12/ 4 0 2 23 12/ 3 0 2 24 13/ 
4 0 2 24 13/ R 4 2/ 2 0 0 0 2/ 1 4 3 25 18/ 2 4 3 26 18/ 
3 4 3 26 18/ 5 4 3 26 18/ 7 4 3 26 18/ 10 4 3 27 18/ 7 0 3 1 1/ 
8 0 3 1 1/ 5 0 3 2 1/ 6 0 3 2 1/ 3 0 3 3 1/ 4 0 3 3 1/ 1 5 1 4 1/ 
5 5 1 4 1/)
( 7/
1 0.82/ 2 0.63/ 3 0.84/ 4 1.36 1.083/ 5 0.21 0.015/ 6 0.21 5.985/ 
7 2.7 0.015/ 8 2.7 5.985/ 9 2.8 0.26/ 10 2.8 5.74/ 11 0.7 0.26/ 
12 0.7 5.74/ 13 0.21 0.26/ 14 0.21 5.74/ 15 1.85 0.015/ 
16 1.85 5.985/ 17 -0.52/ 18 -0.15/ 19 -0.08/ 20 -0.06/ 21 0.06/ 
22 -0.15/ 23 -0.13/ 24 -0.03/ 25 0.9/ 26 0.8/ 27 0.5/)
( 8/
0 0 0 0 0 0 0 1.00 1.00    1.0   1.00 0  /
1
0 0 0 0 0 0 1.00 1.00    1.0   0.95 0  / 
1 0 
0 1 0 12 0 1.00 1.00    1.00  0.95 0  / 
1 0 0 
1 0 13 0 1.00 1.00    1.00  0.95 0 / R 2 2/ 
0 0 0 1 0 2/ 
2 0 0 0 
0 18 0 1.00 0.50    1.00  0.90 0  / 
2 0 0 0 0 
0 0 1.00 0.50    1.00 0.90  0  / 
2 0 0 0 0 0 0
 1 0.50    1.00  0.90   0  / 
2 0 0 4 0 0
0 1.00 0.50  1  0.90  0  / 
2 0 0 4 0 0 0 1 0.50 
1    0.90  0  / R 2 2/ 
  0 0 0   1  / 
6 0 0 0 0 0 0 1.00    
1.00 0 0 1/)
(15/
21 3 9 1 3 1 3 0 0 3 6 120 2 0 0.3 1/)
